Template: NONE
Clouds: 0.2969573
Grime: 0.1473641
Palette: 1
EffectColorA: 8
EffectColorB: 19
Effects: SkyDandelions-0.805122-20-20, Fog-0.7308834-35.1225-106.8375, 
PlacedObjects: LightSource><278.8834><306.1518><0.5174454~EffectColor1~55.49377~147.81~-112.2125~273.5739~0~0, LightSource><170.1333><323.5689><0.5081654~EffectColor2~15.36749~135.0036~-359.8~92.5788~1~0, LightSource><63.71747><368.6813><0.5081661~EffectColor1~0.8537598~147.81~-142.0937~-210.5025~1~0, LightSource><386.0645><309.2234><0.5081661~EffectColor2~151.9675~24.87~-313.6974~100.2626~1~0, LightSource><498.2812><330.5756><0.5174461~EffectColor1~11.09875~156.3475~-625.3163~-107.1988~1~0, LightSource><603.4166><376.7069><0.4246468~EffectColor2~16.22119~147.81~46.58508~166.0013~1~0, LightSource><798.7078><350.2469><0.4896055~EffectColor1~15.36749~150.3712~97.80988~221.4951~1~0, LightSource><905.0244><320.0213><0.4988855~EffectColor2~-60.61621~-137.3426~-196.7337~26.84003~1~0, LightSource><1012.895><315.0509><0.5081661~EffectColor1~27.32007~-154.4175~-109.6511~187.3452~1~0, LightSource><1121.674><333.4305><0.5267254~EffectColor2~1.70752~145.2487~-421.2701~283.8187~1~0, LightSource><-142.1873><340.0732><0.5267254~EffectColor2~46.95625~-133.9276~44.87746~213.8113~1~0, LightSource><445.819><624.6387><0.04417088~Environment~-649.7038~-646.1776~-381.9975~-112.3212~1~1, CustomDecal><320.2645><37.18207><-2.56134~111.715~159.525~106.5925~160.3787~2.561279~-382.48~-31.58864~0~0.1648102~0~BlackFilter~1~0~1~0~1~0~1~0, CustomDecal><884.0643><70.89306><-20.48999~197.09~223.5563~199.6512~228.6788~-5.976242~-467.855~314.1799~0~0.1926495~0~BlackFilter~1~0~1~0~1~0~1~0, Corruption><373.5275><327.9608><0~100, CustomDecal><320.639><37.0967><-4.268738~114.2762~159.525~104.885~157.8175~0.8537445~-471.2699~19.63632~0~0.1462505~0~BlackFilter~1~0~1~0~1~0~1~0, CustomDecal><885.0059><71.00542><-22.19751~196.2363~223.5563~200.505~226.9713~-5.976242~-443.0964~287.7138~0~0.1648095~0~BlackFilter~1~0~1~0~1~0~1~0, CustomDecal><331.0579><36.69737><0~111.715~150.1337~67.32001~148.4262~-0.8537521~-448.2187~-3.051758E-05~0~1~0~BlackFilter~1~0~1~0~1~0~1~0, CustomDecal><885.1257><71.55053><-25.61255~194.5287~222.7025~199.6513~227.825~-10.245~-401.2625~245.88~0~1~0~BlackFilter~0.5~0~0.5~0~0.5~0~0.5~0, LightFixture><712.337><202.2812><HolyFire~17.32051~-10~44, LightFixture><249.8974><222.2559><HolyFire~17.32051~-10~100, 
FadePalette: 10, 0.5475135
WetTerrain: OFF
