Template: NONE
Grime: 0.1956522
Palette: 10
EffectColorA: 19
EffectColorB: 8
PlacedObjects: LightFixture><811.3251><180.847><HolyFire~17.32051~-10~22, LightFixture><289.3412><319.8716><HolyFire~-275.6795~-51~37, LightSource><840.7668><436.1993><0.7934783~EffectColor1~20~90~50~86.60254~1~0, LightSource><771.825><507.8146><0.7934783~EffectColor1~16~83~20.99994~138.6025~1~0, LightSource><547.1927><543.3083><0.7934783~EffectColor1~14~87~50~86.60254~1~0, LightSource><695.4356><574.4255><0.7934783~EffectColor1~13~86~50~86.60254~1~0, LightSource><622.4272><533.4073><0.7934783~EffectColor1~17~91~50~86.60254~1~0, LightSource><263.449><507.5206><0.7934783~EffectColor1~15~85~50~86.60254~1~0, LightSource><174.0876><461.3832><0.7934783~EffectColor1~17~89~50~86.60254~1~0, LightSource><886.9546><460.9448><0.7826087~EffectColor2~0~100~50~86.60254~1~0, LightSource><763.8281><554.6478><0.7826087~EffectColor2~0~100~50~86.60254~1~0, LightSource><803.8832><478.9124><0.7826087~EffectColor2~0~100~50~86.60254~1~0, LightSource><641.174><547.6512><0.6521739~EffectColor2~-4~73~50~86.60254~1~0, LightSource><586.9922><536.9498><0.3369565~EffectColor2~2~78~50~86.60254~1~0, LightSource><131.9447><472.9422><0.7826087~EffectColor2~0~100~50~86.60254~1~0, LightSource><291.1815><549.834><0.7826087~EffectColor2~0~100~50~86.60254~1~0, LightSource><228.1151><477.5864><0.4782609~EffectColor2~2~79~50~86.60254~1~0, LightSource><514.9396><452.6907><0.1304348~EffectColor1~20~130~-252~-153.3975~1~1, 
FadePalette: 12, 0.3152174
