Template: NONE
EffectColorA: 18
EffectColorB: 8
PlacedObjects: Corruption><627.4802><586.949><-9~54, Corruption><570.3906><345.9174><29~49, CorruptionTube><633.907><589.1239><198~-68, Corruption><685.3019><344.6931><-13~51, Corruption><620.0645><380.5746><45~49, LightSource><546.5503><563.239><0.25~EffectColor2~4~108~-282~-419.3975~0~0, LightSource><838.8727><461.092><0.2717391~EffectColor2~-6~105~-437~-336.3975~0~0, LightSource><689.6668><533.4319><0.2282609~EffectColor1~28~85~-284~-364.3975~0~0, LightSource><491.7036><546.0555><0.25~EffectColor1~-20~104~-216~-317.3975~0~0, LightSource><735.6455><498.3295><0.2717391~EffectColor2~0~100~-137~-402.3975~1~0, LightSource><788.8293><480.1042><0.3369565~EffectColor1~0~100~-117~-305.3975~1~0, LightFixture><570.7225><462.4481><HolyFire~-49.6795~-483~83, Corruption><820.8467><542.6284><-15~63, CustomDecal><533.8605><521.6433><-1~77~79~89~76~13~-579~-330~0~0.6195652~0~BlackFilter~1~0~1~0~1~0~1~0, Corruption><667.1161><371.1014><-19~42, CustomDecal><866.3572><264.3312><-7~138~121~133~115~-5~-912~-95~0~1~0~BlackFilter~1~0~1~0~1~0~1~0, CustomDecal><862.1478><262.6719><-5~141~114~137~138~-11~-882~16~0~1~0~BlackFilter~1~0~1~0~1~0~1~0, 
FadePalette: 10, 0.7717391
