Template: NONE
Grime: 0
Palette: 0
EffectColorA: 18
EffectColorB: 8
Effects: SkyDandelions-0.7608696-20-20, 
PlacedObjects: CustomDecal><164.1179><223.4116><-7~146~128~146~128~-1~-223~26~0~1~0~BlackFilter~0.5~0~0.5~0~0.5~0~0.5~0, CustomDecal><-10.01709><221.5507><166~-11~164~157~6~161~-83~33~0~1~0~BlackFilter~0.5~0~0.5~0~0.5~0~0.5~0, CustomDecal><380.8012><219.3067><-62~67~138~200~140~-7~-414~63~0~1~0~BlackFilter~0.5~0~0.5~0~0.5~0~0.5~0, CustomDecal><816.7555><220.0501><1~118~128~118~125~-3~-917~81~0~1~0~BlackFilter~0.5~0~0.5~0~0.5~0~0.5~0, CustomDecal><1244.589><224.0708><-4~215~203~219~176~-17~-1213~55~0~1~0~BlackFilter~0.5~0~0.5~0~0.5~0~0.5~0, LightSource><556.9749><306.8016><0.2826087~EffectColor1~0~100~-14~-209.3975~1~0, LightSource><527.491><374.1998><0.2826087~EffectColor2~0~100~-16~-344.3975~1~0, LightSource><1131.806><379.1921><0.2173913~EffectColor2~0~100~-314~-388.3975~1~0, LightSource><748.3003><506.4436><0.2717391~EffectColor2~0~100~-208~-534.3975~1~0, LightSource><803.3121><357.1816><1~EffectColor2~0~100~-7~-240.3975~1~0, LightSource><779.5543><313.5413><1~EffectColor1~0~100~4~-268.3975~1~0, LightSource><315.6278><368.1538><1~EffectColor1~0~100~-109~-372.3975~1~0, LightSource><866.1578><377.3728><0.1195652~EffectColor2~0~100~-963~-292.3975~1~0, LightSource><568.7><472.4969><0.3369565~EffectColor2~0~100~-351~-378.3975~1~0, LightSource><1186.667><377.3898><1~EffectColor1~0~100~-941~-328.3975~1~0, LightSource><410.0945><381.1258><1~EffectColor2~0~100~69.99997~-123.3975~1~0, LightSource><219.6809><375.6877><1~EffectColor2~0~100~125~170.6026~1~0, CustomDecal><941.8143><222.4256><1~157~140~159~155~24~-44~195~0~1~0~BlackFilter~0.5~0~0.5~0~0.5~0~0.5~0, 
FadePalette: 10, 0.6630435
