Template: NONE
Clouds: 0.1113586
Grime: 0.1752037
Palette: 1
EffectColorA: 8
EffectColorB: 18
Effects: SkyDandelions-1-20-20, 
PlacedObjects: CustomDecal><803.4809><400.1057><-3.414978~82.6875~127.9363~72.4425~121.1062~-3.415009~-809.3549~-467.855~0~0.4896068~0~BlackFilter~0.9918329~0~0.9918329~0~0.9918329~0~0.9918329~0, CustomDecal><801.8937><551.7528><-4.26886~80.98004~111.715~49.39124~108.3~-0.8538208~-846.92~-617.2613~0~0.4988855~0~BlackFilter~0.9732732~0~0.9732732~0~0.9732732~0~0.9732732~0, CustomDecal><804.5461><713.0076><-39.27246~94.64~123.6675~119.3988~115.13~-0.8538208~-888.7538~-776.059~0~0.4988855~0~BlackFilter~0.9825535~0~0.9825535~0~0.9825535~0~0.9825535~0, CustomDecal><-50.57719><121.8447><1.707489~166.355~141.5963~162.94~127.9362~-11.9525~-107.5725~-140.8688~0~0.1833695~0~BlackFilter~0.9732746~0~0.9732746~0~0.9732746~0~0.9732746~0, CustomDecal><-157.1469><140.7592><-3.415005~78.41873~104.885~82.68747~106.5925~-3.051758E-05~0.8536224~-55.4937~0~0.1740902~0~BlackFilter~0.9732746~0~0.9732746~0~0.9732746~0~0.9732746~0, LightSource><102.2223><428.1545><0.5081654~EffectColor1~-5.122528~110.2451~283.9275~-380.3987~1~0, LightSource><188.9877><387.8028><0.5452854~EffectColor2~0~100~-253.0812~-108.9062~0~0, LightSource><283.1804><387.086><0.5174454~EffectColor1~0~100~-347.8474~-38.89862~0~0, LightSource><369.1003><436.4831><0.5174468~EffectColor2~0~100~-527.1349~39.64627~0~0, LightSource><441.0599><504.1251><0.5174457~EffectColor2~0~100~-343.5787~-31.21503~0~0, LightSource><-103.8482><426.3423><0.5360056~EffectColor2~0~100~-60.98751~-20.96991~0~0, LightSource><-196.6582><413.8293><0.5360056~EffectColor1~0~100~287.3426~-8.163727~0~0, LightSource><-67.98187><1309.03><0.2947285~Environment~1222.57~-1380.403~180.6237~-208.795~1~1, CustomDecal><866.4927><155.8451><-10.245~149.28~115.9838~154.4025~115.1299~2.561264~31.58887~234.7812~0~0.1740895~0~BlackFilter~0.8526359~0~0.8526359~0~0.8526359~0~0.8526359~0, CustomDecal><780.2889><72.93651><-17.92877~143.3037~80.12622~149.28~79.27246~-1.707489~46.10272~314.1799~0~1~0~BlackFilter~0.8247959~0~0.8247959~0~0.8247959~0~0.8247959~0, CustomDecal><347.6109><123.0038><-26.46625~95.49382~203.0663~108.3~199.6513~-1.707489~573.7199~-163.9201~0.1577586~0.4339274~1~BlackFilter~0.8526359~1~0.8526359~1~0.8526359~1~0.8526359~1, LightSource><183.8121><793.0337><0.6473644~EffectColor2~0~100~-230.8837~177.1001~0~0, LightSource><276.6973><774.1733><0.6288041~EffectColor1~0~100~-113.9201~131.8513~0~0, LightSource><373.2892><788.0463><0.6473647~EffectColor2~0~100~-130.995~195.8825~0~0, NoSpearStickZone><112.5239><203.6427><5.976227~121.3438, CustomDecal><293.8135><125.3671><-6.830017~126.2287~270.5126~173.185~273.9275~-41.83374~608.7238~-204.0462~0.3340759~1~0~BlackRust1~1~0~1~0~1~0~1~0, LightSource><736.0024><1074.696><0.3596881~EffectColor1~0~100~26.09497~-233.5537~0~0, LightSource><827.7406><1058.759><0.3504068~EffectColor2~0~100~-210.3938~-153.3012~0~0, LightSource><920.2676><1093.423><0.3411281~EffectColor1~0~100~-45.61987~-187.4513~0~0, LightSource><-129.7406><636.2943><0.1369698~Environment~836.675~-704.2325~245.5088~-73.04865~1~1, LightSource><832.377><1367.993><0.3504068~EffectColor1~0~100~-133.5562~-124.2737~0~0, LightSource><738.7381><1337.936><0.3411288~EffectColor2~0~100~-231.7374~-160.1312~0~0, LightSource><637.9185><1343.028><0.3596875~EffectColor1~0~100~-190.7574~-97.8075~0~0, LightSource><546.1026><1378.348><0.3596868~EffectColor2~0~100~-291.4999~-204.5262~0~0, LightSource><431.5192><1379.273><0.4803261~EffectColor1~0~100~-244.5438~-138.7875~0~0, 
AmbientSounds: OMNI><Noise Wind.wav><336.6388><446.6417><0.1937637><1, OMNI><AM_ENV-WinterHum.ogg><513.4408><449.5197><0.5><1, OMNI><AM_ENV-WinterTrees.ogg><397.4463><376.9136><0.5><1, OMNI><AM_ENV-NatWind.ogg><570.4455><375.5703><0.3793614><1, 
FadePalette: 10, 0.5196742, 0.5103942
WetTerrain: OFF
