Palette: 0
PlacedObjects: LightFixture><1410.935><401.5607><HolyFire~17.32051~-10~10, LightFixture><948.6102><400.393><HolyFire~17.32051~-10~3, LightFixture><2052.859><401.0822><HolyFire~17.32051~-10~66, 
FadePalette: 10, 0.8586956, 0.8586956, 0.8586956
