Template: NONE
Grime: 0.1752041
Palette: 0
EffectColorA: 18
EffectColorB: 8
PlacedObjects: LightFixture><632.1536><243.35><HolyFire~17.32051~-10~94, LightFixture><2109.441><285.2437><HolyFire~-110.742~240.1487~95, LightSource><2321.533><401.1769><0.2576095~EffectColor2~0.8537292~113.66~50~86.60254~0~0, LightSource><2267.512><414.0226><0.2112082~EffectColor1~0~100~355.6425~151.4875~0~0, LightSource><2216.604><444.4261><0.2390488~EffectColor2~0~100~151.5963~120.7527~0~0, LightSource><2374.16><407.3207><0.4246468~EffectColor1~0~100~249.7776~79.77243~0~0, LightSource><2421.884><428.1916><0.2390475~EffectColor2~0~100~160.9875~-20.96994~0~0, LightSource><1488.179><314.9034><0.07201187~EffectColor1~5.976257~60.72745~-417.0013~28.54755~1~1, LightSource><1613.086><315.9091><0.04417055~EffectColor1~-0.8536987~49.62872~-514.3289~-84.14737~1~1, LightFixture><1391.646><200.8796><HolyFire~-296.8596~-175.6275~78, LightFixture><1812.69><340.7242><HolyFire~-464.1945~-317.35~83, LightSource><1609.839><229.1338><0.04417154~EffectColor1~5.122437~46.21378~-530.55~-73.04871~1~1, CustomDecal><2077.746><227.6708><2.561249~125.375~73.29623~127.9363~72.4425~0.8537598~-225.39~-272.3463~0~1~0~BlackFilter~1~0~1~0~1~0~1~0, LightSource><2514.074><397.8401><0.2297688~EffectColor1~0~100~-414.4401~15.74127~0~0, LightSource><2580.332><375.2317><0.2297688~EffectColor2~0~100~-341.8714~-178.06~0~0, LightSource><2652.9><357.4962><0.2390488~EffectColor1~0~100~212.2124~-317.2213~0~0, LightSource><2729.4><346.9135><0.2204895~EffectColor2~0~100~-592.0199~233.4476~0~0, Corruption><2309.783><499.9487><0.8537292~109.3913, CorruptionTube><1964.43><377.4005><357.7212~135.0037, CorruptionTube><2834.292><334.3682><-519.9337~171.7151, Corruption><533.3556><487.8229><0~100, CorruptionTube><532.0624><483.7877><277.4687~-83.55627, 
FadePalette: 10, 0.770231, 0.7795107, 0.7795109
