Template: NONE
Clouds: 1
Grime: 0
EffectColorA: 4
EffectColorB: 2
PlacedObjects: LightSource><405.0901><326.3701><1~EffectColor2~0~100~50~86.60254~0~0, LightSource><664.3011><322.2289><1~EffectColor1~0~100~50~86.60254~0~0, CorruptionDarkness><490.9003><276.8266><7~28, CustomDecal><479.5885><207.882><2~221~133~220~75~-5~-469~40~0.2934783~1~0~BlackRust1~0.6086956~0~0.6086956~0~0.6086956~0~0.6086956~0, 
AmbientSounds: SPOT><AM_IND-DeepHum.ogg><796.1809><446.6877><0.3695652><0.4326087><403.1809><322.6877><-35.35534><-35.35534><0><0.1, SPOT><AM_IND-DeepHum.ogg><371.3><446.003><0.3369565><0.5891304><671.3><314.003><-35.35534><-35.35534><0><0.1, OMNI><AM_ENV-CityTone.ogg><734.6011><564.1165><0.07608695><0.7847826, 
FadePalette: 10, 0.6521739
