Clouds: 0.8260869
Palette: 0
PlacedObjects: LightFixture><469.3635><458.9147><HolyFire~17.32051~-10~59, CustomDecal><561.6759><213.9048><-512~484~105~491~392~-178~189~-164~0.3478261~1~0~BlackRust1~0.3804348~1~0.3804348~1~0.3804348~1~0.3804348~1, CustomDecal><1462.828><147.102><-166~574~663~578~615~-80~-341~-58~0~0.6413044~1~BlackRust1~0.7173913~0.6413044~0.7173913~0.6413044~0.7173913~0.6413044~0.7173913~0.6413044, 
FadePalette: 10, 0.6956522, 0.6304348
